8182.1915557256725
8143.1417017439735
8143.1417017439735
8143.1417017439735
8131.733140769806
8131.733140769806
8131.733140769806
8131.733140769806
8131.733140769806
8131.733140769806
8131.733140769806
8131.733140769806
8131.733140769806
8131.733140769806
8131.733140769806
8131.733140769806
8131.733140769806
8131.733140769806
8131.733140769806
8131.733140769806
8131.733140769806
8131.733140769806
8131.733140769806
8131.733140769806
8131.733140769806
8131.733140769806
8131.733140769806
8131.733140769806
8131.733140769806
8131.733140769806
8131.733140769806
8131.733140769806
8131.733140769806
8131.733140769806
8131.733140769806
8131.733140769806
8131.733140769806
8131.733140769806
8131.733140769806
8131.733140769806
8131.733140769806
8131.733140769806
8131.733140769806
8131.733140769806
8131.733140769806
8131.733140769806
8131.733140769806
8131.733140769806
8131.733140769806
8131.733140769806
8131.733140769806
8131.733140769806
8131.733140769806
8131.733140769806
8131.733140769806
8131.733140769806
8131.733140769806
8131.733140769806
8131.733140769806
8131.733140769806
8131.733140769806
8131.733140769806
8131.733140769806
8131.733140769806
8131.733140769806
8131.733140769806
8131.733140769806
8131.733140769806
8131.733140769806
8131.733140769806
8131.733140769806
8131.733140769806
8131.733140769806
8131.733140769806
8131.733140769806
8131.733140769806
8131.733140769806
8131.733140769806
8131.733140769806
8131.733140769806
8131.733140769806
8131.733140769806
8131.733140769806
8131.733140769806
8131.733140769806
8131.733140769806
8131.733140769806
8131.733140769806
8131.733140769806
8131.733140769806
8131.733140769806
8131.733140769806
8131.733140769806
8131.733140769806
8131.733140769806
8131.733140769806
8131.733140769806
8131.733140769806
8131.733140769806
8131.733140769806
8131.733140769806
8131.733140769806
8131.733140769806
8131.733140769806
8131.733140769806
8131.733140769806
8131.733140769806
8131.733140769806
8131.733140769806
8131.733140769806
8131.733140769806
8131.733140769806
8131.733140769806
8131.733140769806
8131.733140769806
8131.733140769806
8131.733140769806
8131.733140769806
8131.733140769806
8131.733140769806
8131.733140769806
8131.733140769806
8131.733140769806
8131.733140769806
8131.733140769806
8131.733140769806
8131.733140769806
8131.733140769806
8131.733140769806
8131.733140769806
8131.733140769806
8131.733140769806
8131.733140769806
8131.733140769806
8131.733140769806
8131.733140769806
8131.733140769806
8131.733140769806
8131.733140769806
8131.733140769806
8131.733140769806
8131.733140769806
8131.733140769806
8131.733140769806
8131.733140769806
8131.733140769806
8131.733140769806
8131.733140769806
8131.733140769806
8131.733140769806
8131.733140769806
8131.733140769806
8131.733140769806
8131.733140769806
8131.733140769806
8131.733140769806
8131.733140769806
8131.733140769806
8131.733140769806
8131.733140769806
8131.733140769806
8131.733140769806
8131.733140769806
8100.342821066507
8054.719198344751
8054.719198344751
8054.719198344751
8054.719198344751
8054.719198344751
8054.719198344751
8054.719198344751
8054.719198344751
8054.719198344751
8054.719198344751
8054.719198344751
8054.719198344751
8054.719198344751
8054.719198344751
8054.719198344751
8054.719198344751
8054.719198344751
8054.719198344751
8054.719198344751
8054.719198344751
8054.719198344751
8054.719198344751
8054.719198344751
8054.719198344751
8054.719198344751
8033.2148363430415
8033.2148363430415
8033.2148363430415
8033.2148363430415
8033.2148363430415
8033.2148363430415
8033.2148363430415
8033.2148363430415
8033.2148363430415
8033.2148363430415
8033.2148363430415
8033.2148363430415
8033.2148363430415
8033.2148363430415
8033.2148363430415
8033.2148363430415
8033.2148363430415
8033.2148363430415
8033.2148363430415
8033.2148363430415
8033.2148363430415
8033.2148363430415
8033.2148363430415
8033.2148363430415
8033.2148363430415
8033.2148363430415
8033.2148363430415
8033.2148363430415
8033.2148363430415
8033.2148363430415
8033.2148363430415
8033.2148363430415
8033.2148363430415
8033.2148363430415
8033.2148363430415
8033.2148363430415
8033.2148363430415
8033.2148363430415
8033.2148363430415
8033.2148363430415
8033.2148363430415
8033.2148363430415
8033.2148363430415
8033.2148363430415
8033.2148363430415
8033.2148363430415
8033.2148363430415
8033.2148363430415
8033.2148363430415
8033.2148363430415
8033.2148363430415
8033.2148363430415
8033.2148363430415
8033.2148363430415
8033.2148363430415
8033.2148363430415
8033.2148363430415
