11392.0  
9842.0  
8902.0  
8101.0  
7712.0  
7712.0  
7658.0  
7658.0  
7658.0  
7658.0  
7658.0  
7658.0  
7658.0  
7658.0  
7658.0  
7658.0  
7658.0  
7658.0  
7658.0  
7658.0  
7658.0  
7658.0  
7658.0  
7658.0  
7658.0  
7658.0  
7658.0  
7658.0  
7658.0  
7658.0  
7658.0  
7658.0  
7658.0  
7658.0  
7658.0  
7658.0  
7658.0  
7658.0  
7658.0  
7658.0  
7658.0  
7658.0  
7658.0  
7658.0  
7658.0  
7658.0  
7658.0  
7658.0  
7658.0  
7658.0  
7658.0  
7658.0  
7658.0  
7658.0  
7658.0  
7658.0  
7658.0  
7658.0  
7658.0  
7658.0  
7658.0  
7658.0  
7658.0  
7658.0  
7658.0  
7658.0  
7658.0  
7658.0  
7658.0  
7658.0  
7658.0  
7658.0  
7658.0  
7658.0  
7658.0  
7658.0  
7658.0  
7658.0  
7658.0  
7658.0  
7658.0  
7658.0  
7658.0  
7658.0  
7658.0  
7658.0  
7658.0  
7658.0  
7658.0  
7658.0  
7658.0  
7658.0  
7658.0  
7658.0  
7658.0  
7658.0  
7658.0  
7658.0  
7658.0  
7658.0  
7658.0  
7658.0  
7658.0  
7658.0  
7658.0  
7658.0  
7658.0  
7658.0  
7658.0  
7658.0  
7658.0  
7658.0  
7658.0  
7658.0  
7658.0  
7658.0  
7658.0  
7658.0  
7658.0  
7658.0  
7658.0  
7658.0  
7658.0  
7658.0  
7658.0  
7658.0  
7658.0  
7658.0  
7658.0  
7658.0  
7658.0  
7658.0  
7658.0  
7658.0  
7658.0  
7658.0  
7658.0  
7658.0  
7658.0  
7658.0  
7658.0  
7658.0  
7658.0  
7658.0  
7658.0  
7658.0  
7658.0  
7658.0  
7658.0  
7658.0  
7658.0  
7658.0  
7658.0  
7658.0  
7658.0  
7658.0  
7658.0  
7658.0  
7658.0  
7658.0  
7658.0  
7658.0  
7658.0  
7658.0  
7658.0  
7658.0  
7658.0  
7658.0  
7658.0  
7658.0  
7658.0  
7658.0  
7658.0  
7658.0  
7658.0  
7658.0  
7658.0  
7658.0  
7658.0  
7658.0  
7658.0  
7658.0  
7658.0  
7658.0  
7658.0  
7658.0  
7658.0  
7658.0  
7658.0  
7658.0  
7658.0  
7658.0  
7658.0  
7658.0  
7658.0  
7658.0  
7658.0  
7658.0  
7658.0  
7658.0  
7658.0  
7658.0  
7658.0  
7658.0  
7658.0  
7658.0  
7658.0  
7658.0  
7658.0  
7658.0  
7658.0  
7658.0  
7658.0  
7658.0  
7658.0  
7658.0  
7658.0  
7658.0  
7658.0  
7658.0  
7658.0  
7658.0  
7658.0  
7658.0  
7658.0  
7658.0  
7658.0  
7658.0  
7658.0  
7658.0  
7658.0  
7658.0  
7658.0  
7658.0  
7658.0  
7658.0  
7658.0  
7658.0  
7658.0  
7658.0  
7658.0  
7658.0  
7658.0  
7658.0  
7658.0  
7658.0  
7658.0  
7658.0  
7658.0  
7658.0  
7658.0  
7658.0  
7658.0  
7658.0  
7658.0  
7658.0  
7658.0  
7658.0  
